float RX_pos[num_of_elevation_stamp][num_of_azimuth_stamp]=
// 120 small mirrors,  30 Jan 2019
{
{2323.39, 2390.09,	2434.67,	2489.09,	2548.19,	2589.79,	2732.12,	2837.63,	2908.78,	2923.65},
{2238.37, 2248.27,	2278.19,	2349.18,	2409.15,	2486.50,	2595.08,	2683.54,	2777.08,	2902.73},
{2116.57, 2155.25,	2176.97,	2229.00,	2303.27,	2364.34,	2450.25,	2542.17,	2638.74,	2729.43},
{1992.31, 2015.45,	2065.53,	2113.03,	2165.64,	2245.66,	2332.04,	2420.34,	2498.92,	2604.05},
{1870.64,	1873.79,	1921.24,	1986.76,	2033.13,	2107.50,	2205.68,	2288.75,	2359.28,	2456.14},
{1729.96,	1727.13,	1768.41,	1837.92,	1893.45,	1955.38,	2037.70,	2142.36,	2210.75,	2318.05},
{1591.81,	1601.29,	1619.51,	1691.17,	1744.56,	1829.65,	1918.66,	1996.64,	2086.53,	2180.92},
{1436.55,	1449.38,	1477.07,	1534.53,	1606.87,	1692.15,	1767.51,	1842.44,	1938.32,	2036.43},
{1285.90,	1275.17,	1328.51,	1379.53,	1450.50,	1524.17,	1587.16,	1687.19,	1781.55,	1884.26},
{1096.44,	1110.11,	1167.70,	1241.62,	1294.88,	1370.02,	1471.26,	1484.61,	1630.73,	1739.70},
{952.75,	987.06,	  1030.64,	1082.85,	1150.31,	1218.47,	1316.89,	1335.27,	1487.61,	1589.35}
//{824.74,	826.91,	   875.01,	 923.17,	 997.77,	1091.96,	1153.04,	1191.28,	1339.20,	1418.38},
//{657.86,	669.10,	   698.29,	 755.40,	 854.84,	 943.18,	1039.07,	1129.79,	1224.17,	1286.86},
//{476.39,	497.42,	   554.87,	 621.92,	 705.58,	 781.78,	 888.29,	 970.63,	1060.11,	1144.59},
//{292.04,	314.17,	   381.70,	 479.95,	 569.77,	 661.04,	 756.19, 	829.65,	   890.46,	966.09}
};

/*
// 1 Nov 2018
{
	
	{2171.57,2170.1,2214.26,2254.09,2300.53,2349.05,2386.55,2408.21,2438.22,2533.94},
	{2003.05,2037.72,2065.45,2071.12,2128.11,2170.47,2214.04,2294.49,2359.7,2449.38},
	{1894.33,1901.19,1912.45,1932.69,1971.77,2015.77,2084.33,2142.82,2190.75,2237.53},
	{1750.9,1750.07,1766.15,1787.98,1848.08,1875.88,1945.32,2002.05,2052.9,2132.76},
	{1592.79,1600.6,1620.33,1658.79,1687.1,1711.89,1786.02,1861.73,1925.34,1997.17},
	{1437.8,1442.47,1464.01,1502.61,1536.27,1577.21,1638.46,1702.1,1753.4,1827.58},
	{1269.7,1278.63,1302.37,1334.61,1389.52,1428.61,1482.64,1558.94,1623.72,1691.83},
	{1123.2,1117.74,1130.86,1183.54,1216.82,1277.59,1317.66,1378.67,1471.79,1555.11},
	{952.02,956.78,959.74,997.47,1043.23,1124.52,1163.24,1229.09,1320.18,1406.18},
	{786.58,788.04,778.83,835.01,869.65,977.23,1033.84,1073.66,1168.24,1246.16},
	{590.31,608.59,623.77,669.39,737.8,805.51,865.28,936.87,1024.77,1075.79}
	
};
*/
// 
float  elevation_stamp[num_of_elevation_stamp]={
	
17.329,
22.029,
26.729,
31.429,
36.129,
40.829,
45.529,
50.229,
54.929,
59.629,
64.329


};


float RX_angle[num_of_elevation_stamp][num_of_azimuth_stamp]=
// 120 small mirrors 30 Jan 2019 
{
{-90.00,	-69.91,	-59.92,	-52.72,	-44.88,	-36.79,	-30.51,	-23.64,	-12.68,	2.08},
{-90.00,	-69.53,	-61.20,	-52.53,	-44.37,	-37.06,	-28.26,	-19.15,	-8.97,	2.56},
{-90.00,	-72.08,	-61.90,	-52.39,	-44.50,	-34.77,	-26.43,	-17.00,	-7.42,	3.94},
{-90.00,	-74.88,	-62.58,	-52.62,	-43.53,	-35.01,	-24.00,	-14.87,	-5.24,	3.51},
{-90.00,	-76.99,	-63.02,	-52.23,	-42.39,	-32.93,	-22.96,	-13.09,	-3.42,	6.25},
{-90.00,	-76.31,	-63.99,	-53.02,	-42.33,	-31.14,	-21.21,	-11.50,	-2.30,	8.32},
{-90.00,	-76.17,	-63.68,	-52.10,	-40.79,	-29.63,	-18.97,	 -9.18,	-0.07,	10.38},
{-90.00,	-76.61,	-63.57,	-51.13,	-38.80,	-28.00,	-17.49,	 -7.29,	 2.23,	12.11},
{-90.00,	-76.01,	-62.58,	-50.02,	-37.27,	-25.56,	-15.30,	 -4.72,	 4.77,	14.03},
{-90.00,	-75.65,	-61.08,	-47.23,	-34.20,	-22.24,	-12.10,	 -1.83,	 7.58,	16.60},
{-90.00,	-74.48,	-59.63,	-43.87,	-30.92,	-18.01,	 -8.86,	  1.61,	10.94,	19.50}
//{-90.00,	-74.10,	-56.18,	-39.36,	-25.74,	-13.79,	 -4.26,	  5.47,	14.16,	22.19},
//{-90.00,	-74.54,	-51.02,	-32.10,	-19.00,	 -8.85,	  1.13,	  9.27,	18.18,	25.45},
//{-90.00,	-73.80,	-39.84,	-21.46,	-11.36,	 -3.16,	  5.69,	 13.17,	22.96,	30.89},
//{-90.00,	-66.60,	-15.16,	 -9.98,	 -2.35,	  6.05,	 12.43,	 20.89,	33.09,	37.23}	
};
/*
//1 Nov 2018
{ 
	{-90,-74.83,-63.9,-54.34,-45.43,-36.79,-26.35,-17.47,-8.22,4.98},
	{-90,-76.23,-64.81,-54.26,-43.87,-34.43,-24.72,-15.29,-5.27,0},
	{-90,-77.14,-65.3,-54.38,-44.01,-33.34,-22.96,-13.92,-3.71,0},
	{-90,-77.33,-65.46,-54.43,-42.99,-32.49,-21.8,-11.81,-1.65,8.9},
	{-90,-77.39,-65.39,-54.02,-42.28,-31.18,-20.63,-10.73,0.09,9.77},
	{-90,-77.44,-65.08,-53.22,-40.45,-29.15,-18.35,-8.21,1.54,11.59},
	{-90,-77.52,-64.99,-51.72,-37.82,-25.32,-15.38,-5.45,3.79,13.45},
	{-90,-76.52,-63.82,-49.38,-34.71,-21.88,-12.1,-1.73,7.53,16.45},
	{-90,-76.11,-61.48,-44.7,-29.8,-19.13,-8.37,1.35,10.16,18.84},
	{-90,-76.84,-56.91,-39.36,-25.12,-13.64,-4.49,4.72,13.38,21.32},
	{-90,-77.23,-49.2,-28.81,-17.38,-8.47,-0.72,7.6,16.29,25.57}
};  
*/